7.57,1.85,1.21,-1256,-4204,16624,7.79
7.49,1.79,1.26,-1196,-4200,16652,7.81
7.53,1.64,1.18,-1136,-4192,16744,7.83
7.58,1.68,1.20,-1164,-4248,16620,7.86
7.55,1.55,1.31,-1116,-4128,16636,7.88
7.45,1.73,1.34,-1112,-4232,16788,7.90
7.58,1.71,1.17,-1040,-4228,16576,7.92
7.47,1.66,1.25,-1100,-4256,16728,7.94
7.53,1.82,1.23,-1136,-4244,16744,7.97
7.68,1.75,1.39,-1172,-4156,16624,7.99
7.49,1.69,1.24,-1100,-4312,16664,8.01
7.49,1.78,1.11,-1056,-4276,16524,8.03
7.45,1.54,1.31,-1132,-4176,16648,8.05
7.60,1.53,1.14,-1096,-4220,16688,8.08
7.64,1.84,1.30,-1200,-4232,16700,8.10
7.72,1.73,1.29,-1292,-4268,16516,8.12
7.60,1.46,1.28,-1152,-4272,16444,8.14
7.53,1.75,1.21,-1076,-4256,16708,8.16
7.40,1.78,1.31,-1156,-4304,16620,8.19
7.53,1.76,1.22,-1136,-4256,16656,8.21
7.44,1.71,1.20,-1212,-4256,16872,8.23
7.53,1.82,1.24,-1168,-4236,16608,8.25
7.62,1.82,1.25,-1100,-4256,16712,8.27
7.68,1.79,1.16,-1224,-4292,16620,8.30
7.50,1.65,1.18,-1144,-4196,16584,8.32
7.50,1.71,1.32,-1056,-4240,16648,8.34
7.56,1.85,1.37,-1184,-4236,16784,8.36
7.60,1.85,1.37,-1172,-4260,16668,8.38
7.54,1.75,1.25,-1276,-4328,16808,8.41
7.60,1.70,1.25,-1040,-4288,16780,8.43
7.47,1.66,1.32,-1144,-4204,16832,8.45
7.48,1.76,1.21,-1260,-4268,16688,8.47
7.50,1.75,1.30,-1124,-4148,16652,8.49
7.58,1.69,1.31,-1036,-4224,16608,8.52
7.52,1.69,0.98,-996,-4224,16684,8.54
7.48,1.78,1.35,-1192,-4216,16528,8.56
7.53,1.58,1.15,-1200,-4192,16844,8.58
7.43,1.60,1.24,-1136,-4196,16600,8.60
7.54,1.69,1.17,-1240,-4192,16644,8.63
7.48,1.68,1.24,-1184,-4220,16588,8.65
7.50,1.69,1.22,-1112,-4240,16692,8.67
7.57,1.57,1.11,-1152,-4312,16736,8.69
7.55,1.68,1.28,-996,-4320,16728,8.71
7.56,1.73,1.23,-1172,-4268,16684,8.74
7.56,1.66,1.14,-1164,-4180,16620,8.76
7.51,1.65,1.16,-1236,-4324,16652,8.78
7.60,1.73,1.23,-1164,-4232,16728,8.80
7.53,1.69,1.36,-1132,-4176,16768,8.82
7.49,1.67,1.27,-1100,-4152,16596,8.85
7.49,1.85,1.31,-1180,-4252,16552,8.87
7.53,1.58,1.30,-1188,-4244,16764,8.89
7.58,1.69,1.30,-1160,-4232,16680,8.91
7.61,1.76,1.24,-1088,-4240,16672,8.93
7.49,1.56,1.32,-1060,-4232,16712,8.96
7.59,1.60,1.23,-1140,-4264,16620,8.98
7.48,1.75,1.27,-1136,-4296,16692,9.00
7.50,1.75,1.30,-1108,-4224,16688,9.02
7.39,1.65,1.17,-1108,-4296,16652,9.04
7.48,1.72,1.27,-1204,-4216,16732,9.07
7.64,1.68,1.23,-1136,-4284,16668,9.09
7.60,1.66,1.18,-1140,-4148,16708,9.11
7.60,1.85,1.34,-1264,-4128,16812,9.13
7.49,1.81,1.31,-1136,-4184,16740,9.15
7.49,1.75,1.21,-1088,-4300,16660,9.18
7.50,1.56,1.28,-1132,-4280,16552,9.20
7.43,1.74,1.37,-1232,-4240,16636,9.22
7.59,1.54,1.18,-1308,-4348,16808,9.24
7.66,1.70,1.12,-1060,-4148,16620,9.26
7.57,1.86,1.26,-1044,-4332,16644,9.29
7.58,1.64,1.29,-1072,-4228,16768,9.31
7.53,1.62,1.22,-1196,-4152,16704,9.33
7.63,1.81,1.21,-1024,-4172,16576,9.35
7.51,1.74,1.25,-1136,-4216,16588,9.37
7.58,1.89,1.26,-1088,-4300,16664,9.40
7.56,1.73,1.22,-1148,-4204,16584,9.42
7.60,1.86,1.20,-1068,-4244,16704,9.44
7.60,1.61,1.17,-1228,-4164,16744,9.46
7.55,1.72,1.20,-1108,-4216,16584,9.48
7.56,1.64,1.16,-1284,-4188,16576,9.51
7.60,1.64,1.18,-1152,-4216,16600,9.53
7.50,1.77,1.27,-1216,-4200,16760,9.55
7.58,1.66,1.20,-1200,-4276,16640,9.57
7.56,1.73,1.18,-1204,-4216,16668,9.59
7.57,1.71,1.33,-1176,-4184,16528,9.62
7.55,1.73,1.29,-1088,-4344,16648,9.64
7.49,1.60,1.22,-1100,-4196,16788,9.66
7.62,1.84,1.16,-1136,-4188,16712,9.68
7.35,1.73,1.38,-1116,-4316,16656,9.70
7.59,1.76,1.22,-988,-4328,16692,9.73
7.56,1.65,1.21,-1168,-4300,16656,9.75
7.36,1.82,1.32,-1112,-4224,16676,9.77
7.50,1.66,1.27,-1244,-4232,16728,9.79
7.45,1.53,1.25,-1148,-4132,16640,9.81
7.51,2.01,1.29,-1120,-4204,16704,9.84
7.51,1.71,1.25,-1108,-4216,16732,9.86
7.48,1.69,1.15,-1120,-4264,16716,9.88
7.69,1.74,1.23,-1168,-4256,16492,9.90
7.54,1.81,1.30,-1172,-4156,16584,9.92
7.63,1.56,1.20,-996,-4144,16648,9.95
7.57,1.66,1.11,-1156,-4212,16688,9.97
7.55,1.58,1.18,-1084,-4192,16628,9.99
7.64,1.68,1.31,-1120,-4112,16524,10.01
7.50,1.85,1.27,-1000,-4200,16604,10.03
7.50,1.71,1.15,-1148,-4236,16556,10.06
7.43,1.51,1.27,-1120,-4240,16752,10.08
7.56,1.78,1.25,-1116,-4264,16640,10.10
7.55,1.76,1.24,-1036,-4180,16560,10.12
7.44,1.75,1.29,-1076,-4168,16580,10.14
7.43,1.65,1.23,-1164,-4316,16560,10.17
7.50,1.72,1.21,-1124,-4204,16584,10.19
7.52,1.81,1.22,-1180,-4240,16696,10.21
7.52,1.76,1.22,-1196,-4200,16824,10.23
7.58,1.76,1.30,-1148,-4240,16768,10.25
7.58,1.90,1.23,-1156,-4172,16576,10.28
7.60,1.85,1.20,-1088,-4184,16724,10.30
7.57,1.82,1.07,-1120,-4280,16596,10.32
7.63,1.82,1.38,-1148,-4172,16764,10.34
7.50,1.66,1.15,-1220,-4276,16664,10.36
7.53,1.65,1.17,-1168,-4248,16596,10.39
7.56,1.63,1.26,-1056,-4256,16736,10.41
7.45,1.61,1.27,-1092,-4144,16768,10.43
7.59,1.76,1.18,-1184,-4148,16560,10.45
7.56,1.80,1.21,-1128,-4124,16724,10.47
7.57,1.82,1.16,-1008,-4216,16684,10.50
7.60,1.76,1.15,-1144,-4136,16692,10.52
7.55,1.77,1.23,-1084,-4216,16644,10.54
7.49,1.76,1.37,-1188,-4172,16636,10.56
7.47,1.83,1.31,-1084,-4232,16608,10.58
7.45,1.59,1.32,-1260,-4180,16652,10.61
7.50,1.86,1.23,-1088,-4280,16760,10.63
7.48,1.75,1.31,-1028,-4232,16576,10.65
7.63,1.82,1.11,-1248,-4240,16620,10.67
7.59,1.53,1.24,-1280,-4248,16680,10.69
7.49,1.76,1.21,-1088,-4228,16720,10.72
7.38,1.74,1.21,-1204,-4160,16676,10.74
7.58,1.71,1.18,-1160,-4180,16668,10.76
7.47,1.63,1.16,-1132,-4236,16700,10.78
7.56,1.69,1.30,-1276,-4188,16672,10.80
7.53,1.70,1.20,-1192,-4284,16672,10.83
7.69,1.64,1.22,-1044,-4140,16644,10.85
7.52,1.89,1.18,-1296,-4208,16772,10.87
7.44,1.59,1.21,-1160,-4216,16740,10.89
7.54,1.76,1.20,-1244,-4220,16624,10.91
7.47,1.74,1.05,-1068,-4252,16700,10.94
7.56,1.66,1.15,-1096,-4208,16616,10.96
7.53,2.00,1.22,-1100,-4148,16596,10.98
7.56,1.66,1.08,-1272,-4240,16536,11.00
7.56,1.60,1.29,-1216,-4308,16780,11.02
7.53,1.74,1.37,-1160,-4280,16788,11.05
7.55,1.62,1.08,-1172,-4328,16764,11.07
7.56,1.71,1.21,-1064,-4244,16504,11.09
7.56,1.82,1.20,-1200,-4308,16632,11.11
7.48,1.84,1.15,-1144,-4208,16768,11.13
7.49,1.64,1.36,-1188,-4184,16608,11.16
7.41,1.71,1.15,-1188,-4216,16612,11.18
7.47,1.66,1.36,-1284,-4292,16620,11.20
7.47,1.66,1.21,-1172,-4328,16616,11.22
7.48,1.74,1.21,-1216,-4180,16716,11.24
7.59,1.66,1.24,-1056,-4208,16800,11.27
7.49,1.60,1.24,-1156,-4292,16744,11.29
7.53,1.63,1.09,-1044,-4208,16640,11.31
7.53,1.73,1.11,-1156,-4192,16576,11.33
7.51,1.67,1.25,-1212,-4088,16608,11.35
7.51,1.50,1.32,-1100,-4176,16748,11.38
7.38,1.66,1.24,-1160,-4280,16572,11.40
7.39,1.68,1.15,-1092,-4272,16668,11.42
7.45,1.81,1.38,-1192,-4292,16612,11.44
7.63,1.86,1.22,-1144,-4252,16684,11.46
7.76,1.80,1.32,-1128,-4192,16672,11.49
7.42,1.60,1.21,-1000,-4176,16876,11.51
7.48,1.72,1.33,-1236,-4232,16696,11.53
7.50,1.59,1.10,-1140,-4284,16608,11.55
7.48,1.63,1.28,-1064,-4160,16712,11.57
7.59,1.78,1.22,-1180,-4176,16760,11.60
7.50,1.86,1.32,-1112,-4204,16740,11.62
7.47,1.76,1.30,-1260,-4292,16720,11.64
7.55,1.69,1.20,-1160,-4240,16772,11.66
7.67,1.83,1.11,-1220,-4256,16628,11.68
7.48,1.64,1.29,-1236,-4192,16756,11.71
7.37,1.56,1.16,-976,-4276,16672,11.73
7.42,1.80,1.21,-1124,-4372,16504,11.75
7.58,1.88,1.26,-1136,-4324,16612,11.77
7.42,1.79,1.27,-1124,-4264,16680,11.79
7.57,1.82,1.38,-1052,-4208,16684,11.82
7.52,1.53,1.33,-1192,-4204,16648,11.84
7.52,1.63,1.20,-1204,-4240,16676,11.86
7.51,1.71,1.24,-1116,-4224,16716,11.88
7.56,1.92,1.25,-1084,-4340,16688,11.90
7.46,1.73,1.32,-1128,-4236,16656,11.93
7.49,1.64,1.28,-1124,-4240,16732,11.95
7.44,1.93,1.30,-1024,-4184,16736,11.97
7.47,1.74,1.36,-1048,-4192,16664,11.99
7.55,1.88,1.22,-1192,-4248,16700,12.01
7.40,1.80,1.23,-1172,-4144,16780,12.04
7.57,1.73,1.27,-1220,-4244,16620,12.06
7.38,1.61,1.31,-1092,-4208,16712,12.08
7.51,1.70,1.24,-1200,-4208,16532,12.10
7.62,1.72,1.27,-1124,-4232,16596,12.12
7.66,1.63,1.23,-1188,-4296,16640,12.15
7.56,1.73,1.15,-1164,-4152,16608,12.17
7.47,1.60,1.23,-1220,-4136,16564,12.19
7.60,1.65,1.33,-1180,-4264,16868,12.21
7.50,1.60,1.34,-1060,-4216,16664,12.23
7.57,1.65,1.16,-1076,-4244,16652,12.26
7.53,1.62,1.27,-1028,-4192,16584,12.28
7.52,1.60,1.20,-1188,-4300,16724,12.30
7.55,1.51,1.34,-1184,-4132,16776,12.32
7.39,1.60,1.24,-1068,-4096,16836,12.34
7.51,1.60,1.24,-1096,-4220,16540,12.37
7.60,1.81,1.24,-1232,-4136,16704,12.39
7.50,1.69,1.31,-1148,-4196,16684,12.41
7.60,1.72,1.16,-1040,-4224,16720,12.43
7.41,1.85,1.28,-1104,-4236,16628,12.45
7.55,1.71,1.21,-1280,-4300,16648,12.48
7.56,1.79,1.13,-1128,-4300,16740,12.50
7.66,1.82,1.09,-1108,-4156,16672,12.52
7.40,1.67,1.20,-1212,-4100,16668,12.54
7.57,1.45,1.27,-1124,-4240,16636,12.56
7.56,1.59,1.37,-1096,-4340,16712,12.59
7.59,1.53,1.38,-1072,-4276,16692,12.61
7.49,1.66,0.97,-1196,-4180,16560,12.63
7.60,1.72,1.16,-1216,-4092,16556,12.65
7.37,1.62,1.24,-1196,-4180,16564,12.67
7.65,1.87,1.27,-1232,-4172,16768,12.70
7.60,1.87,1.19,-1228,-4300,16756,12.72
7.49,1.63,1.18,-1184,-4280,16572,12.74
7.42,1.63,1.20,-1048,-4268,16804,12.76
7.47,1.68,1.39,-1112,-4280,16712,12.78
7.53,1.67,1.34,-1148,-4212,16596,12.81
7.56,1.71,1.21,-1236,-4176,16664,12.83
7.59,1.58,1.26,-1112,-4148,16712,12.85
7.52,1.76,1.35,-1108,-4220,16752,12.87
7.51,1.87,1.18,-1096,-4260,16588,12.89
7.60,1.72,1.15,-1212,-4260,16692,12.92
7.45,1.58,1.25,-1172,-4348,16556,12.94
7.62,1.70,1.18,-1140,-4312,16716,12.96
7.54,1.73,1.22,-1220,-4140,16640,12.98
7.52,1.76,1.15,-1248,-4208,16708,13.00
7.60,1.83,1.31,-1072,-4120,16676,13.03
7.54,1.75,1.17,-1092,-4180,16632,13.05
7.41,1.78,1.09,-1164,-4188,16672,13.07
7.43,1.86,1.16,-1056,-4224,16716,13.09
7.65,1.69,1.21,-1176,-4252,16652,13.11
7.48,1.82,1.26,-1260,-4240,16824,13.14
7.58,1.82,1.19,-1276,-4244,16704,13.16
7.37,1.65,1.24,-1132,-4220,16652,13.18
7.64,1.76,1.15,-1136,-4276,16684,13.20
7.53,1.61,1.24,-1196,-4192,16732,13.22
7.29,1.86,1.21,-1076,-4232,16792,13.25
7.42,1.79,1.20,-1092,-4160,16640,13.27
7.48,1.61,1.21,-1196,-4216,16628,13.29
7.46,1.50,1.35,-1160,-4216,16616,13.31
7.29,1.58,1.18,-1156,-4304,16548,13.33
7.40,1.76,1.24,-1132,-4256,16588,13.36
7.51,1.93,1.22,-1060,-4288,16712,13.38
7.75,1.85,1.18,-1200,-4284,16732,13.40
7.44,1.67,1.24,-1148,-4168,16656,13.42
7.63,1.85,1.23,-1072,-4200,16556,13.44
7.52,1.69,1.31,-1064,-4236,16676,13.47
7.54,1.67,1.21,-1216,-4196,16720,13.49
7.40,1.67,1.27,-1112,-4200,16564,13.51
7.50,1.64,1.14,-1028,-4240,16704,13.53
7.51,1.75,1.32,-1248,-4208,16564,13.55
7.69,1.77,1.28,-1244,-4180,16560,13.58
7.61,1.70,1.15,-1204,-4276,16772,13.60
7.63,1.57,1.29,-1112,-4276,16804,13.62
7.50,1.73,1.22,-1140,-4120,16608,13.64
7.63,1.93,1.18,-1048,-3840,16288,13.66
12.69,1.24,3.24,-1536,-3936,16272,13.69
10.60,1.34,-1.27,-1308,-3976,16056,13.71
7.43,1.61,1.24,-1224,-4232,16948,13.73
7.49,1.65,1.24,-1260,-4188,16720,13.75
7.46,1.52,1.22,-1236,-4220,16640,13.77
7.58,1.67,1.24,-1144,-4232,16632,13.80
7.50,1.60,1.02,-1140,-4280,16644,13.82
7.69,1.48,1.15,-1100,-4172,16660,13.84
7.46,1.68,1.19,-1056,-4132,16676,13.86
7.50,1.74,1.23,-1116,-4232,16560,13.88
7.50,1.64,1.09,-1272,-4148,16704,13.91
7.45,1.98,1.22,-1268,-4280,16652,13.93
7.53,1.78,1.24,-1136,-4264,16464,13.95
7.56,1.74,1.27,-1128,-4212,16756,13.97
7.40,1.68,1.24,-1160,-4308,16748,13.99
7.58,1.73,1.40,-1124,-4264,16900,14.02
7.69,1.63,1.12,-1176,-4128,16700,14.04
7.58,1.69,1.27,-1084,-4160,16700,14.06
7.52,1.75,1.10,-1108,-4132,16788,14.08
7.51,1.73,1.16,-1248,-4164,16748,14.10
7.44,1.84,1.17,-1140,-4144,16648,14.13
7.37,1.67,1.27,-1204,-4240,16648,14.15
7.51,1.69,1.20,-1228,-4176,16648,14.17
7.56,1.74,1.13,-1276,-4236,16680,14.19
7.55,1.65,1.21,-1100,-4240,16724,14.21
7.51,1.73,1.13,-1044,-4220,16548,14.24
7.53,1.79,1.24,-1120,-4220,16584,14.26
7.37,1.71,1.40,-1208,-4248,16520,14.28
7.36,1.70,1.06,-1248,-4192,16668,14.30
7.61,1.70,1.25,-1072,-4264,16716,14.32
7.49,1.81,1.30,-1200,-4192,16732,14.35
7.49,1.86,1.15,-1112,-4204,16728,14.37
7.49,1.67,1.18,-1108,-4272,16736,14.39
7.52,1.67,1.23,-1160,-4260,16632,14.41
7.55,1.76,1.27,-1092,-4280,16696,14.43
7.73,1.76,1.21,-1124,-4204,16580,14.46
7.45,1.73,1.24,-1036,-4220,16764,14.48
7.44,1.76,1.18,-1088,-4192,16672,14.50
7.49,1.61,1.26,-1180,-4204,16740,14.52
7.44,1.84,1.31,-1204,-4208,16664,14.54
7.47,1.69,1.33,-1136,-4260,16680,14.57
7.62,1.63,1.15,-1072,-4148,16680,14.59
7.44,1.74,1.21,-1172,-4124,16588,14.61
7.39,1.58,1.29,-1208,-4132,16676,14.63
7.63,1.60,1.33,-1076,-4244,16624,14.65
8.00,1.63,1.18,-964,-4180,16740,14.68
9.34,1.22,1.27,-1268,-4276,16764,14.70
13.00,0.08,1.79,-1160,-4300,16760,14.72
10.24,0.85,1.65,-1196,-4232,16548,14.74
6.61,1.85,1.04,-908,-3788,15860,14.76
-4.56,5.55,-1.02,-1124,-4104,16780,14.79
7.24,1.82,1.15,-1152,-4216,16568,14.81
8.81,1.34,1.28,-1260,-4284,16700,14.83
29.06,-5.21,0.78,-1084,-4464,17736,14.85
7.77,1.51,-1.44,-1288,-3880,15468,14.87
7.68,1.60,-1.53,-1132,-4104,16812,14.90
7.73,1.79,-1.58,-1124,-4136,16716,14.92
7.16,1.80,0.06,-1104,-4128,16672,14.94
7.57,1.79,0.98,-1156,-4032,16536,14.96
7.33,1.57,1.27,-1084,-4124,16448,14.98
7.24,1.57,0.62,-1056,-4136,16468,15.01
7.55,2.00,1.19,-1028,-4184,16808,15.03
7.47,1.87,1.21,-1208,-4200,16992,15.05
7.64,1.84,1.00,-1092,-4068,16420,15.07
7.61,1.86,-1.15,-872,-3972,16764,15.09
7.92,1.89,-0.72,-1256,-4216,16792,15.12
7.75,1.55,-0.79,-928,-4112,16696,15.14
7.76,1.78,-1.10,-1156,-4168,16652,15.16
8.19,2.05,-3.29,-928,-4112,16784,15.18
8.17,1.77,-2.71,-1052,-4128,16944,15.20
8.06,1.72,-1.98,-1064,-4136,16740,15.23
8.38,1.85,-2.77,-1052,-4188,16820,15.25
8.27,1.85,-0.97,-1180,-4144,16780,15.27
7.58,1.87,1.24,-1040,-4076,16616,15.29
7.46,1.62,1.04,-1032,-4080,16576,15.31
8.11,1.69,0.97,-1080,-4160,16540,15.34
7.79,1.62,0.99,-1016,-4072,16464,15.36
7.68,1.61,0.69,-1048,-4156,16676,15.38
8.32,1.40,-5.95,-148,-4316,16700,15.40
9.89,1.69,-13.27,-1008,-4192,16988,15.42
9.98,1.92,-7.18,-1596,-4004,16704,15.45
8.76,1.86,-0.53,-1216,-4232,16664,15.47
8.11,1.59,-1.63,-1192,-4136,16680,15.49
6.74,1.37,0.09,-1028,-4208,16608,15.51
7.14,1.40,1.24,-1020,-4112,16880,15.53
11.51,2.78,1.52,-940,-4144,17248,15.56
11.73,2.75,1.79,-996,-3988,16600,15.58
7.95,1.66,2.01,-1044,-3944,16440,15.60
5.35,0.89,2.00,-1032,-4080,16712,15.62
6.15,1.27,1.06,-1016,-4072,16772,15.64
6.44,1.24,1.07,-928,-3988,16632,15.67
6.50,1.52,1.18,-984,-3952,16560,15.69
4.97,0.67,1.04,-908,-4156,16508,15.71
6.59,1.24,1.05,-1020,-4144,16880,15.73
8.35,2.11,1.23,-1052,-4196,17056,15.75
8.68,2.25,1.20,-1024,-4004,16412,15.78
6.08,1.15,0.94,-1088,-4088,16800,15.80
5.31,0.89,0.71,-928,-4108,16888,15.82
6.11,1.48,0.98,-1048,-4040,16716,15.84
5.39,1.36,0.89,-992,-4056,16596,15.86
6.50,1.69,1.20,-940,-4148,16624,15.89
7.05,1.79,1.06,-1092,-4184,16668,15.91
7.34,1.79,1.34,-1024,-4128,16652,15.93
6.66,1.76,1.16,-1052,-4104,16648,15.95
6.82,1.63,1.09,-1032,-4172,16684,15.97
7.58,1.79,1.26,-1072,-4088,16756,16.00
7.95,1.68,1.33,-1100,-4208,16688,16.02
7.88,1.63,1.30,-1064,-4116,16708,16.04
7.34,1.66,1.24,-1124,-4084,16576,16.06
7.06,1.85,1.12,-852,-4156,16668,16.08
6.69,1.82,1.11,-1060,-4100,16600,16.11
6.88,1.66,1.16,-960,-4156,16736,16.13
8.09,1.71,1.47,-1016,-4196,16604,16.15
7.31,1.60,1.28,-1076,-4076,16652,16.17
5.55,1.72,1.08,-980,-4108,16676,16.19
6.64,1.99,1.12,-932,-4164,16784,16.22
7.46,1.63,1.18,-952,-4172,16788,16.24
6.58,2.05,1.11,-976,-4172,16608,16.26
5.83,2.53,1.05,-980,-4212,16764,16.28
6.18,2.25,1.06,-1000,-4252,16844,16.30
6.02,2.05,1.07,-1144,-4224,16576,16.33
6.41,2.06,1.00,-992,-4240,16624,16.35
6.67,1.92,0.93,-992,-4144,16612,16.37
6.89,1.72,0.88,-1068,-4148,16872,16.39
6.66,1.67,1.08,-976,-4192,16648,16.41
6.56,1.73,1.00,-936,-4216,16664,16.44
7.29,1.85,1.21,-892,-4296,16700,16.46
7.26,1.81,1.28,-956,-4228,16628,16.48
7.49,1.74,1.25,-988,-4248,16544,16.50
7.56,1.52,1.34,-1056,-4284,16624,16.52
7.98,1.55,1.32,-1048,-4240,16672,16.55
7.84,1.43,1.27,-1064,-4164,16712,16.57
7.57,1.63,1.34,-1088,-4156,16592,16.59
7.53,1.54,1.22,-1080,-4336,16580,16.61
7.34,1.65,1.24,-964,-4180,16740,16.63
6.84,1.82,1.33,-1136,-4084,16768,16.66
6.79,1.68,1.29,-1020,-4276,16776,16.68
6.93,1.70,1.11,-1120,-4328,16656,16.70
6.11,1.74,1.11,-1024,-4296,16572,16.72
5.63,1.89,1.14,-852,-4192,16748,16.74
4.55,2.31,1.00,-984,-4244,16648,16.77
5.25,1.69,1.12,-920,-4384,16708,16.79
7.86,1.80,1.11,-1092,-4332,16716,16.81
8.08,1.62,1.45,-1072,-4328,16604,16.83
8.34,1.56,1.40,-1032,-4304,16792,16.85
8.15,1.37,1.27,-992,-4284,16580,16.88
8.21,1.37,1.21,-916,-4292,16564,16.90
7.23,1.65,1.36,-1064,-4268,16904,16.92
7.92,1.62,1.12,-1048,-4288,16500,16.94
7.38,1.71,1.17,-976,-4252,16816,16.96
5.53,2.04,0.96,-1188,-4208,16688,16.99
4.31,1.85,1.05,-1140,-4268,16632,17.01
3.61,1.74,0.89,-980,-4292,16556,17.03
3.02,1.72,0.75,-1052,-4316,16696,17.05
2.52,1.84,0.69,-1000,-4212,16696,17.07
0.77,2.71,0.67,-1004,-4416,16740,17.10
0.73,2.19,0.62,-1080,-4508,16700,17.12
2.67,1.79,0.44,-1028,-4532,16500,17.14
4.98,1.87,0.88,-936,-4600,16468,17.16
8.47,1.89,1.37,-928,-4440,16452,17.18
11.26,1.58,2.95,-1032,-4520,16624,17.21
12.21,1.45,1.80,-1032,-4576,16664,17.23
12.44,1.05,1.90,-1020,-4548,16668,17.25
11.97,0.99,1.85,-1056,-4432,16516,17.27
11.46,1.31,1.71,-1040,-4336,16764,17.29
10.82,1.41,1.89,-984,-4408,16600,17.32
9.70,1.56,1.37,-1048,-4328,16700,17.34
7.74,1.95,1.28,-1008,-4288,16660,17.36
6.79,1.62,1.05,-980,-4308,16688,17.38
7.56,1.79,1.18,-948,-4304,16600,17.40
8.43,1.78,1.24,-1000,-4328,16596,17.43
9.92,1.92,1.53,-1024,-4316,16712,17.45
8.53,1.76,1.50,-1116,-4316,16556,17.47
8.49,1.56,1.32,-952,-4280,16652,17.49
8.49,1.55,1.21,-1004,-4384,16728,17.51
8.98,1.66,1.27,-1092,-4324,16612,17.54
8.46,1.76,1.47,-1016,-4336,16840,17.56
7.98,1.60,1.27,-896,-4312,16444,17.58
8.53,1.56,1.27,-964,-4296,16660,17.60
10.03,1.30,1.50,-1060,-4376,16628,17.62
9.09,1.85,1.32,-1096,-4300,16616,17.64
8.20,1.59,1.36,-1112,-4268,16628,17.67
8.02,1.84,1.29,-1016,-4248,16616,17.69
8.05,1.87,1.47,-1016,-4208,16736,17.71
8.11,1.57,1.17,-1072,-4204,16740,17.73
7.76,1.78,1.29,-984,-4252,16572,17.75
7.71,1.63,1.34,-1048,-4232,16700,17.78
7.86,1.92,1.29,-1024,-4236,16604,17.80
8.12,1.48,1.30,-976,-4228,16796,17.82
7.92,1.65,1.28,-1024,-4288,16696,17.84
7.64,1.68,1.23,-988,-4224,16744,17.86
7.61,1.59,1.18,-996,-4332,16884,17.89
7.71,1.78,1.29,-924,-4208,16596,17.91
7.37,1.79,1.29,-1084,-4216,16700,17.93
7.34,1.66,1.23,-976,-4192,16660,17.95
7.75,1.77,1.34,-1052,-4108,16704,17.97
7.59,1.71,1.21,-1036,-4164,16704,18.00
7.40,1.69,1.35,-1036,-4188,16648,18.02
7.30,1.69,1.19,-1172,-4284,16680,18.04
7.47,1.81,1.28,-1024,-4232,16688,18.06
7.54,1.71,1.18,-936,-4236,16552,18.08
7.21,1.69,1.10,-988,-4192,16752,18.11
6.77,1.58,1.17,-940,-4228,16884,18.13
6.69,1.77,1.16,-1052,-4260,16648,18.15
6.37,1.77,1.02,-1016,-4276,16736,18.17
5.25,1.98,0.70,-1028,-4256,16596,18.19
2.61,2.01,0.41,-1036,-4236,16760,18.22
1.93,1.95,0.66,-1064,-4272,16620,18.24
1.10,1.73,-0.32,-1000,-4344,16664,18.26
-1.35,2.69,-3.25,-952,-4456,16648,18.28
-3.62,1.40,-4.38,-1032,-4616,16692,18.30
-6.18,1.66,-6.43,-1024,-4392,16556,18.33
-9.83,1.98,-5.98,-988,-4576,16512,18.35
-11.69,2.13,-6.26,-1036,-4616,16604,18.37
-13.53,2.47,-6.41,-888,-4832,16672,18.39
-14.94,2.69,-6.16,-968,-5028,16524,18.41
-15.30,2.65,-4.98,-900,-5092,16460,18.44
-18.23,2.50,-4.85,-912,-5280,16396,18.46
-21.96,2.81,-3.76,-952,-5388,16360,18.48
-22.44,2.96,-5.07,-924,-5720,16144,18.50
-20.57,2.61,-6.31,-1000,-5800,16092,18.52
-20.86,2.53,-8.35,-948,-5912,16044,18.55
-17.98,2.28,-7.09,-804,-6176,16140,18.57
-17.48,2.39,-6.59,-892,-6304,15896,18.59
-18.60,2.02,-4.05,-800,-6608,15876,18.61
-19.05,1.60,-5.02,-892,-6708,15912,18.63
-19.25,2.13,-9.67,-916,-6844,15820,18.66
-18.39,2.30,-10.03,-772,-6972,15724,18.68
-20.69,3.31,-14.53,-828,-7292,15704,18.70
-20.07,3.42,-14.51,-748,-7204,15564,18.72
-18.31,2.87,-11.21,-704,-7300,15496,18.74
-19.48,3.34,-16.08,-756,-7644,15392,18.77
-23.75,2.66,-17.33,-596,-7860,15368,18.79
-25.82,2.47,-16.06,-444,-7860,15316,18.81
-25.73,2.02,-9.78,-512,-8180,15208,18.83
-25.60,1.88,-7.35,-536,-8268,15140,18.85
-27.87,2.12,-9.82,-568,-8536,14940,18.88
-28.62,5.09,-16.09,-324,-8884,14740,18.90
-24.25,2.31,-5.61,-244,-8992,14480,18.92
-12.05,1.89,3.61,-240,-9112,14236,18.94
-5.95,-1.80,13.76,-296,-9356,14548,18.96
-4.15,-0.60,1.13,-564,-9272,14356,18.99
-0.31,2.25,-3.78,-200,-9328,14148,19.01
7.60,3.14,2.05,-368,-9388,14248,19.03
5.85,0.96,5.86,-396,-9556,14420,19.05
6.86,0.89,6.13,-324,-9292,14552,19.07
8.76,0.10,7.24,-448,-9364,14308,19.10
10.85,0.23,4.57,-416,-9432,14412,19.12
11.90,2.66,-0.08,-572,-9284,14328,19.14
17.76,2.89,0.19,-420,-9076,14468,19.16
10.99,3.12,-0.68,-524,-9420,14576,19.18
11.95,2.41,0.89,-356,-8904,14600,19.21
16.64,1.82,6.45,-448,-9236,14600,19.23
17.37,-0.41,9.73,-548,-9184,14696,19.25
25.25,-0.08,7.78,-708,-9060,14464,19.27
28.89,-0.14,3.31,-616,-8860,14636,19.29
31.56,2.70,3.73,-200,-8860,14660,19.32
33.31,1.72,10.76,-412,-8768,14832,19.34
41.73,0.25,13.24,-784,-8544,14936,19.36
58.29,3.18,8.02,-720,-8200,15020,19.38
55.66,1.35,13.57,-708,-7944,15460,19.40
51.63,0.34,10.98,-788,-7764,15508,19.43
51.43,1.69,5.97,-704,-7472,15536,19.45
61.25,3.84,7.28,-612,-7304,15272,19.47
70.81,2.10,25.49,-284,-6596,15964,19.49
62.70,-2.65,44.47,-800,-6720,16072,19.51
53.69,-2.06,25.33,-1152,-6084,16112,19.54
48.50,-0.15,5.33,-1060,-5980,16252,19.56
48.13,0.54,7.74,-768,-5416,16356,19.58
47.88,-0.89,21.19,-780,-4964,16432,19.60
45.05,-0.20,18.42,-1024,-5184,16528,19.62
40.15,0.53,10.80,-1020,-4892,16544,19.65
39.00,0.98,6.59,-936,-4876,16668,19.67
47.76,2.31,14.97,-800,-4156,17164,19.69
21.58,5.70,16.78,224,-2880,16396,19.71
12.73,1.45,2.37,-1072,-4320,16840,19.73
10.03,1.50,5.82,-1212,-4236,16748,19.76
9.95,1.44,11.52,-1332,-3976,16628,19.78
8.18,1.98,12.30,-908,-4148,16644,19.80
6.40,1.71,2.61,-940,-4116,16584,19.82
6.21,1.73,2.31,-836,-4224,16756,19.84
7.55,1.80,2.01,-916,-4224,16680,19.87
6.76,1.85,1.38,-1088,-4164,16824,19.89
6.66,1.78,1.02,-1040,-4024,16708,19.91
6.89,1.76,1.09,-1120,-4236,16856,19.93
7.21,1.70,1.12,-1120,-4168,16760,19.95
7.14,1.53,1.08,-1100,-4140,16700,19.98
7.27,1.79,1.15,-1012,-4184,16776,20.00
7.40,1.96,1.27,-1080,-4268,16836,20.02
7.15,1.69,1.25,-1048,-4112,16888,20.04
7.29,1.79,1.09,-992,-4180,16628,20.06
7.47,1.64,1.18,-1176,-4172,16576,20.09
7.55,1.77,1.27,-1160,-4244,16672,20.11
7.47,1.60,1.25,-1068,-4140,16732,20.13
7.77,1.67,1.31,-984,-4284,16652,20.15
7.73,1.71,1.30,-1124,-4240,16764,20.17
7.23,1.72,1.15,-1000,-4148,16684,20.20
7.56,1.89,1.06,-1072,-4196,16728,20.22
7.58,1.72,1.37,-1096,-4204,16624,20.24
7.34,1.53,1.31,-1032,-4208,16736,20.26
7.58,1.57,1.19,-1008,-4204,16756,20.28
7.54,1.72,1.16,-1120,-4284,16672,20.31
7.32,1.63,1.20,-1132,-4204,16628,20.33
7.58,1.68,1.14,-1004,-4180,16488,20.35
7.60,1.84,1.23,-1048,-4252,16752,20.37
7.51,1.85,1.40,-1036,-4192,16620,20.39
7.31,1.67,1.21,-1112,-4180,16708,20.42
7.11,1.75,1.11,-1152,-4156,16668,20.44
6.94,1.84,1.27,-1188,-4176,16728,20.46
7.21,1.66,1.31,-920,-4088,16724,20.48
7.21,1.65,1.29,-1004,-4124,16692,20.50
7.11,1.67,1.31,-972,-4192,16776,20.53
6.90,1.66,1.27,-1080,-4264,16700,20.55
7.05,1.85,1.24,-1080,-4276,16688,20.57
7.17,1.73,1.22,-1076,-4272,16648,20.59
7.14,1.73,1.11,-1064,-4244,16664,20.61
6.79,1.54,1.08,-1024,-4180,16668,20.64
6.93,1.65,1.27,-1148,-4240,16636,20.66
7.02,1.61,1.38,-980,-4260,16552,20.68
7.13,1.73,1.19,-1088,-4328,16628,20.70
6.89,1.64,1.29,-908,-4220,16788,20.72
7.12,1.74,1.24,-1096,-4220,16608,20.75
7.15,1.75,1.14,-916,-4316,16712,20.77
7.20,1.81,1.37,-1104,-4260,16736,20.79
7.17,1.63,1.36,-1072,-4264,16576,20.81
7.03,1.63,1.18,-1108,-4244,16636,20.83
6.98,1.77,1.05,-1028,-4252,16624,20.86
6.54,1.85,1.31,-1128,-4364,16600,20.88
6.97,1.80,1.23,-980,-4208,16780,20.90
6.89,1.60,1.06,-1056,-4312,16684,20.92
6.88,1.66,1.22,-1156,-4268,16648,20.94
7.11,1.79,1.31,-1124,-4348,16692,20.97
6.44,1.68,1.35,-1172,-4268,16624,20.99
5.91,1.94,1.14,-1068,-4280,16640,21.01
5.44,2.00,0.89,-1060,-4316,16536,21.03
5.78,1.76,1.03,-1084,-4340,16696,21.05
5.81,1.82,0.97,-1020,-4236,16700,21.08
5.69,2.00,1.15,-1124,-4284,16632,21.10
5.63,1.85,1.16,-1028,-4296,16752,21.12
5.94,1.89,1.03,-1060,-4376,16568,21.14
5.63,1.57,1.10,-960,-4308,16580,21.16
5.76,1.58,1.05,-1040,-4488,16704,21.19
5.76,1.68,1.08,-1012,-4400,16596,21.21
4.73,1.70,0.87,-1036,-4424,16740,21.23
4.03,1.88,0.89,-1124,-4396,16580,21.25
4.42,1.69,0.98,-1120,-4428,16640,21.27
4.05,1.70,0.82,-1004,-4468,16648,21.30
3.73,2.00,0.91,-1012,-4340,16676,21.32
2.35,1.96,0.71,-1072,-4512,16564,21.34
1.34,1.70,0.49,-1056,-4512,16664,21.36
-0.68,1.47,0.17,-1068,-4544,16664,21.38
-1.49,1.86,0.23,-992,-4536,16332,21.41
-2.99,1.85,0.05,-1032,-4648,16600,21.43
-5.54,1.75,0.04,-1128,-4764,16608,21.45
-9.99,1.83,-0.60,-1000,-4804,16588,21.47
-14.40,2.18,-1.19,-1144,-4980,16552,21.49
-16.88,2.11,-1.67,-1092,-5132,16316,21.52
-21.81,2.48,-2.70,-1056,-5252,16496,21.54
-22.26,2.44,-6.97,-1164,-5504,16444,21.56
-23.63,2.75,-13.91,-1260,-5704,16268,21.58
-28.07,2.78,-11.85,-860,-5800,16260,21.60
-31.37,2.11,-9.77,-1020,-6108,16184,21.63
-32.95,2.12,-12.62,-964,-6380,15960,21.65
-32.96,2.53,-14.92,-920,-6508,15880,21.67
-33.31,2.18,-10.78,-888,-6688,15824,21.69
-37.10,1.62,-12.08,-1108,-7112,15648,21.71
-44.33,2.50,-18.04,-840,-7324,15608,21.74
-44.08,2.63,-19.08,-816,-7764,15348,21.76
-43.58,2.75,-17.64,-764,-8056,15332,21.78
-46.67,4.17,-22.83,-680,-8224,15084,21.80
-55.38,6.85,-32.64,-828,-8864,14764,21.82
-76.22,7.43,-33.02,-604,-9488,14828,21.85
-55.24,3.54,-17.02,232,-8784,14384,21.87
-40.55,3.62,0.98,-188,-10056,13928,21.89
-17.25,0.43,8.01,-244,-10156,13320,21.91
0.72,-3.11,15.95,-436,-10324,13468,21.93
27.62,-4.50,18.44,-460,-10580,13444,21.96
45.19,-0.18,11.02,-472,-10292,13812,21.98
61.73,-0.33,8.54,-624,-9812,13916,22.00
66.96,-2.98,20.22,-188,-9552,14492,22.02
63.21,-8.40,36.93,-552,-9196,14516,22.04
87.15,-3.70,34.99,-724,-8172,14580,22.07
114.91,2.53,28.66,-624,-7956,14768,22.09
132.78,2.16,43.67,-616,-6272,15560,22.11
111.58,-3.66,59.34,-848,-6976,15872,22.13
106.98,-4.27,45.63,-1320,-5832,16092,22.15
114.29,-5.37,54.32,-912,-3224,16384,22.18
115.11,1.19,5.80,-2520,-7256,16680,22.20
19.16,2.00,3.27,-1544,-3792,16516,22.22
12.37,0.69,1.85,-1240,-4196,17156,22.24
13.14,0.79,2.63,-1436,-3988,16456,22.26
12.50,2.23,4.08,-868,-3836,16660,22.29
10.24,1.88,1.74,-1088,-3968,16628,22.31
5.84,1.35,1.33,-1172,-4088,16500,22.33
5.80,1.78,0.87,-1092,-4212,16664,22.35
7.18,1.94,1.08,-1176,-4320,16752,22.37
6.30,1.79,1.02,-1272,-4204,16728,22.40
7.14,1.73,1.14,-1252,-4128,16796,22.42
7.09,1.51,1.12,-1340,-4136,16824,22.44
6.87,1.43,1.27,-1264,-4160,16912,22.46
7.08,1.36,1.20,-1172,-4184,16644,22.48
8.04,1.56,1.35,-1096,-4144,16804,22.51
8.03,1.49,1.34,-1140,-4084,16660,22.53
7.76,1.56,1.47,-1092,-4196,16624,22.55
7.71,1.69,1.47,-1176,-4172,16528,22.57
6.55,1.71,1.12,-1248,-4252,16652,22.59
6.62,1.59,1.26,-1324,-4288,16884,22.62
7.56,1.63,1.12,-1268,-4176,16656,22.64
8.73,1.51,1.47,-1184,-4084,16300,22.66
8.53,1.49,1.40,-1244,-4220,16876,22.68
11.25,2.18,1.55,-1148,-4284,17588,22.70
7.43,1.51,0.92,-1196,-4004,16408,22.73
2.15,1.79,0.27,-1208,-3356,14680,22.75
-5.53,-2.14,-3.11,-2356,-4596,19768,22.77
7.79,1.63,-3.33,-1044,-4196,16688,22.79
8.58,2.18,-1.34,-1248,-4356,16712,22.81
8.29,1.72,-5.50,-1268,-4156,16696,22.84
8.31,1.57,-5.34,-1168,-4308,16616,22.86
8.11,1.72,-3.91,-1092,-4364,16544,22.88
7.98,1.78,-2.04,-1216,-4264,16580,22.90
7.69,1.58,-0.76,-1136,-4272,16672,22.92
7.64,1.82,-0.18,-1088,-4108,16628,22.95
7.71,1.88,0.05,-1116,-4068,16720,22.97
7.57,1.55,0.18,-1128,-4248,16736,22.99
7.56,1.56,-0.08,-1200,-4224,16628,23.01
7.78,1.74,-0.07,-1120,-4256,16672,23.03
7.73,1.86,0.07,-1284,-4320,16772,23.06
7.67,1.49,0.11,-1100,-4240,16636,23.08
7.70,1.67,0.56,-1100,-4204,16612,23.10
7.51,1.73,0.64,-1136,-4156,16668,23.12
7.48,1.68,0.68,-1064,-4200,16656,23.14
7.61,1.76,0.73,-1204,-4176,16700,23.17
7.50,1.82,0.65,-1028,-4256,16648,23.19
7.48,1.65,0.62,-1140,-4292,16836,23.21
7.61,1.73,0.68,-1168,-4312,16672,23.23
7.70,1.69,0.66,-1000,-4140,16752,23.25
7.63,1.78,0.81,-1196,-4288,16676,23.28
7.60,1.54,0.92,-1148,-4224,16680,23.30
7.65,1.69,0.85,-1048,-4160,16660,23.32
7.54,1.61,0.96,-1128,-4160,16692,23.34
7.53,1.79,1.04,-1012,-4164,16524,23.36
7.44,1.76,0.98,-1092,-4184,16712,23.39
7.56,1.57,0.89,-1104,-4300,16608,23.41
7.63,1.69,0.78,-1172,-4200,16632,23.43
7.53,1.78,1.00,-1060,-4264,16660,23.45
7.63,1.66,0.73,-1128,-4256,16656,23.47
7.76,1.68,0.82,-1096,-4264,16700,23.50
7.44,1.62,0.89,-1152,-4268,16608,23.52
7.50,1.73,1.01,-1192,-4176,16744,23.54
7.53,1.68,0.87,-1100,-4160,16664,23.56
7.50,1.52,0.95,-1188,-4180,16484,23.58
7.56,1.56,0.96,-1120,-4284,16664,23.61
7.69,1.81,0.76,-1152,-4232,16700,23.63
7.65,1.63,0.91,-1060,-4256,16772,23.65
7.69,1.79,0.80,-1112,-4160,16652,23.67
7.55,1.73,1.05,-1092,-4132,16676,23.69
7.56,1.91,0.69,-1044,-4164,16768,23.72
7.54,1.76,0.76,-1136,-4164,16604,23.74
7.52,1.73,0.76,-1040,-4168,16724,23.76
7.53,1.76,1.02,-1100,-4248,16824,23.78
7.40,1.79,0.89,-1128,-4272,16648,23.80
7.33,1.79,0.91,-1040,-4240,16676,23.83
7.67,1.81,0.89,-1180,-4264,16808,23.85
7.71,1.59,1.01,-1236,-4232,16552,23.87
7.63,1.65,0.76,-1140,-4268,16620,23.89
7.60,1.94,0.92,-1100,-4256,16524,23.91
7.38,1.79,0.95,-1028,-4148,16740,23.94
7.56,1.68,0.82,-992,-4276,16696,23.96
7.74,1.85,1.08,-1028,-4104,16756,23.98
7.44,1.72,0.88,-1188,-4196,16672,24.00
7.33,1.84,1.02,-1148,-4212,16568,24.02
7.37,1.71,1.00,-1128,-4388,16788,24.05
7.59,1.82,0.81,-1088,-4288,16744,24.07
7.57,1.79,0.96,-976,-4104,16604,24.09
7.66,1.50,1.10,-1016,-4256,16488,24.11
7.57,1.76,1.00,-972,-4260,16732,24.13
7.40,1.66,0.85,-1016,-4228,16668,24.16
7.56,1.76,1.11,-1160,-4184,16524,24.18
7.66,1.68,0.87,-1172,-4156,16660,24.20
7.57,1.76,1.00,-1132,-4176,16740,24.22
7.55,1.70,1.18,-1116,-4280,16716,24.24
7.40,1.75,0.95,-1016,-4260,16688,24.27
7.58,1.68,0.85,-1116,-4304,16656,24.29
7.63,1.76,1.04,-1040,-4228,16580,24.31
7.41,1.68,1.03,-1088,-4200,16652,24.33
7.44,1.76,1.14,-1144,-4176,16784,24.35
7.64,1.74,1.08,-1064,-4280,16728,24.38
7.46,1.63,1.08,-1032,-4168,16596,24.40
7.50,1.67,0.97,-1024,-4200,16676,24.42
7.58,1.74,0.95,-1148,-4148,16656,24.44
7.50,1.71,0.99,-1124,-4272,16420,24.46
7.67,1.79,1.08,-1020,-4288,16716,24.49
7.65,1.53,1.09,-1072,-4204,16544,24.51
7.58,1.71,1.08,-1108,-4188,16668,24.53
7.57,1.86,1.02,-1084,-4160,16728,24.55
7.49,1.55,0.95,-964,-4204,16624,24.57
7.49,1.76,1.12,-1148,-4296,16596,24.60
7.50,1.73,1.14,-1148,-4176,16728,24.62
7.60,1.69,1.18,-1024,-4248,16748,24.64
7.54,1.81,0.93,-1080,-4296,16624,24.66
7.58,1.67,1.08,-1100,-4176,16672,24.68
7.57,1.66,1.06,-1168,-4244,16580,24.71
7.57,1.68,1.05,-1076,-4256,16576,24.73
7.61,1.77,1.08,-1216,-4236,16508,24.75
7.61,1.73,1.11,-1084,-4196,16744,24.77
7.58,1.95,1.06,-1184,-4240,16716,24.79
7.58,1.69,1.02,-1012,-4232,16668,24.82
7.53,1.56,1.02,-1200,-4228,16636,24.84
7.50,1.52,1.25,-1044,-4336,16756,24.86
7.47,1.77,1.03,-1088,-4256,16716,24.88
7.60,1.70,1.19,-1044,-4264,16684,24.90
7.52,1.83,1.06,-1088,-4228,16808,24.93
7.42,1.65,0.98,-1016,-4336,16744,24.95
7.66,1.70,1.06,-1104,-4172,16768,24.97
7.53,1.86,1.14,-1092,-4244,16668,24.99
7.60,1.68,1.12,-1076,-4240,16508,25.01
7.59,1.87,1.10,-1200,-4116,16672,25.04
7.52,1.71,0.97,-1104,-4120,16760,25.06
7.63,1.63,1.14,-1148,-4216,16672,25.08
7.63,1.77,1.00,-1120,-4248,16720,25.10
7.48,1.81,0.98,-1172,-4260,16752,25.12
7.52,1.67,1.10,-1072,-4260,16688,25.15
7.60,1.79,1.12,-960,-4212,16704,25.17
7.61,1.66,1.15,-1192,-4264,16688,25.19
7.50,1.89,1.08,-1032,-4264,16744,25.21
7.50,1.62,1.10,-1096,-4232,16780,25.23
7.52,1.81,1.21,-1192,-4248,16636,25.26
7.50,1.66,1.18,-1132,-4204,16692,25.28
7.55,1.61,0.93,-1124,-4204,16660,25.30
7.47,1.65,1.17,-1072,-4196,16648,25.32
7.47,1.72,1.23,-1088,-4200,16652,25.34
7.53,1.79,1.03,-1256,-4284,16676,25.37
7.56,1.63,1.01,-1100,-4204,16720,25.39
7.73,1.75,1.07,-984,-4332,16580,25.41
7.55,1.60,1.05,-1096,-4268,16516,25.43
7.63,1.74,1.13,-1100,-4252,16500,25.45
7.57,1.66,1.15,-1108,-4224,16692,25.48
7.57,1.94,1.10,-1108,-4236,16688,25.50
7.60,1.54,1.13,-1024,-4188,16548,25.52
7.49,1.81,1.11,-1032,-4332,16744,25.54
7.69,1.72,1.04,-1024,-4228,16568,25.56
7.64,1.60,1.08,-956,-4200,16796,25.59
7.55,1.90,1.11,-1080,-4212,16672,25.61
7.63,1.85,1.27,-1120,-4228,16656,25.63
7.63,1.87,1.34,-1132,-4220,16620,25.65
7.48,1.62,1.26,-1116,-4244,16632,25.67
7.47,1.90,1.10,-1064,-4284,16688,25.70
7.34,1.71,1.12,-1052,-4224,16668,25.72
7.62,1.69,1.08,-1084,-4264,16884,25.74
7.73,1.76,1.01,-1136,-4300,16576,25.76
7.60,1.72,1.11,-1188,-4252,16632,25.78
7.53,1.73,1.12,-1160,-4240,16688,25.81
7.39,1.75,1.07,-1176,-4268,16648,25.83
7.52,1.65,1.12,-1036,-4160,16736,25.85
7.63,1.61,1.18,-1040,-4156,16656,25.87
7.53,1.73,1.17,-1080,-4272,16636,25.89
7.53,1.84,1.18,-1060,-4212,16596,25.92
7.54,1.79,1.08,-1168,-4368,16552,25.94
7.56,1.73,1.08,-1068,-4220,16820,25.96
7.75,1.76,1.07,-1000,-4160,16752,25.98
7.49,1.81,1.34,-1016,-4264,16688,26.00
7.65,1.70,1.13,-1072,-4228,16700,26.03
7.37,1.70,0.95,-1212,-4248,16556,26.05
7.63,1.64,1.19,-1048,-4320,16596,26.07
7.64,1.91,1.08,-1128,-4248,16652,26.09
7.58,1.70,1.18,-1048,-4224,16872,26.11
7.45,1.60,1.21,-1076,-4200,16628,26.14
7.61,1.52,1.11,-1100,-4248,16704,26.16
7.56,1.63,1.27,-1112,-4236,16516,26.18
7.56,1.71,1.14,-1064,-4188,16532,26.20
7.38,1.49,1.20,-1168,-4184,16604,26.22
7.60,1.56,1.15,-1068,-4248,16524,26.25
7.66,1.76,1.10,-1060,-4228,16588,26.27
7.59,1.69,1.12,-1068,-4272,16644,26.29
7.44,1.74,1.05,-1100,-4312,16592,26.31
7.57,1.61,1.07,-1028,-4212,16804,26.33
7.61,1.65,1.13,-1040,-4272,16676,26.36
7.54,1.75,1.03,-960,-4268,16740,26.38
7.60,1.74,1.14,-1104,-4184,16656,26.40
7.54,1.63,1.10,-1136,-4188,16612,26.42
7.56,1.47,1.02,-1016,-4188,16684,26.44
7.61,1.53,1.32,-1012,-4152,16820,26.47
7.51,1.82,1.11,-1032,-4224,16752,26.49
7.53,1.85,1.02,-956,-4316,16560,26.51
7.50,1.63,1.17,-1100,-4212,16616,26.53
7.66,1.63,1.12,-1208,-4252,16768,26.55
7.62,1.57,1.24,-1240,-4168,16704,26.58
7.50,1.63,1.24,-1056,-4228,16664,26.60
7.66,1.63,1.21,-1100,-4248,16716,26.62
7.62,1.56,1.29,-1204,-4272,16616,26.64
7.53,1.62,1.14,-1072,-4288,16652,26.66
7.62,1.41,1.27,-1120,-4148,16744,26.69
7.64,1.48,1.27,-1116,-4244,16728,26.71
7.60,1.45,1.17,-1084,-4224,16744,26.73
7.70,1.64,1.40,-1096,-4160,16748,26.75
7.44,1.68,1.40,-1092,-4148,16748,26.77
7.73,1.45,1.35,-1144,-4460,16940,26.80
7.68,1.77,1.07,-940,-4416,16596,26.82
7.71,1.98,0.87,-1020,-4352,16644,26.84
7.56,1.72,1.08,-1172,-4060,16672,26.86
7.64,1.75,1.19,-1204,-4096,16780,26.88
7.38,1.82,1.18,-1096,-4144,16776,26.91
7.41,1.58,1.05,-1120,-4292,16756,26.93
7.49,1.80,1.02,-896,-4192,16604,26.95
7.52,1.79,1.09,-992,-4280,16652,26.97
7.71,1.74,1.50,-932,-4256,16712,26.99
7.69,1.60,1.17,-1076,-4272,16624,27.02
7.69,1.77,1.18,-1216,-4220,16644,27.04
7.60,1.79,1.11,-1256,-4220,16720,27.06
7.52,1.63,0.96,-1088,-4188,16608,27.08
7.48,1.63,1.15,-1068,-4056,16732,27.10
7.46,1.76,1.31,-900,-4196,16592,27.13
7.48,1.69,1.26,-1040,-4272,16684,27.15
7.43,1.90,1.09,-908,-4436,16612,27.17
7.62,1.79,1.16,-988,-4228,16608,27.19
7.51,1.81,1.09,-1148,-4140,16680,27.21
7.64,1.73,1.25,-1172,-4136,16664,27.24
7.59,1.71,1.23,-1136,-4116,16612,27.26
7.50,1.56,1.29,-1068,-4304,16688,27.28
7.55,1.73,1.27,-1048,-4276,16560,27.30
7.53,1.53,1.16,-908,-4172,16636,27.32
7.56,1.73,1.17,-1048,-4248,16672,27.35
7.53,1.60,1.14,-956,-4172,16712,27.37
7.58,1.74,1.21,-1000,-4256,16684,27.39
7.69,1.65,0.92,-1184,-4204,16716,27.41
7.49,1.78,1.24,-1016,-4128,16688,27.43
7.47,1.73,1.15,-1156,-4196,16616,27.46
7.51,1.76,1.28,-1124,-4224,16696,27.48
7.53,1.67,1.29,-1092,-4308,16576,27.50
7.68,1.74,1.19,-1116,-4328,16680,27.52
7.52,1.73,0.99,-1124,-4232,16628,27.54
7.76,1.76,1.10,-1104,-4008,16660,27.57
7.49,1.52,1.17,-1164,-4132,16708,27.59
7.60,1.65,1.24,-984,-4196,16668,27.61
7.44,1.56,1.34,-1064,-4312,16632,27.63
7.55,1.55,1.08,-948,-4292,16596,27.65
7.54,1.63,1.07,-1152,-4256,16744,27.68
7.58,1.79,1.26,-1136,-4180,16840,27.70
7.44,1.69,1.25,-1168,-4152,16740,27.72
7.57,1.69,1.20,-1160,-4284,16720,27.74
7.48,1.54,1.05,-1100,-4236,16728,27.76
7.56,1.51,1.21,-932,-4124,16668,27.79
7.42,1.65,1.14,-1052,-4168,16672,27.81
7.43,1.66,1.29,-1148,-4188,16724,27.83
7.55,1.77,1.24,-1068,-4288,16624,27.85
7.63,1.63,1.31,-984,-4240,16484,27.87
7.58,1.70,1.15,-1140,-4292,16648,27.90
7.47,1.76,1.06,-1140,-4312,16632,27.92
7.45,1.70,1.12,-1116,-4148,16804,27.94
7.42,1.63,1.17,-1036,-4100,16720,27.96
7.47,1.73,1.20,-1044,-4044,16772,27.98
7.45,1.64,1.23,-1180,-4196,16592,28.01
7.59,1.65,1.37,-980,-4228,16728,28.03
7.56,1.94,1.24,-1192,-4272,16692,28.05
7.51,1.73,1.24,-1268,-4124,16556,28.07
7.53,1.69,1.18,-1112,-4260,16648,28.09
7.54,1.76,1.14,-1036,-4240,16668,28.12
7.64,1.60,1.19,-1096,-4140,16784,28.14
7.48,1.45,1.36,-924,-4260,16620,28.16
7.47,1.60,1.27,-1036,-4244,16740,28.18
7.57,1.86,1.29,-1024,-4284,16668,28.20
7.49,1.78,1.26,-972,-4288,16572,28.23
7.49,1.79,1.21,-1056,-4336,16712,28.25
7.60,1.73,1.15,-1120,-4228,16692,28.27
7.47,1.82,1.03,-1136,-4260,16692,28.29
7.47,1.64,1.24,-1136,-4248,16752,28.31
7.52,1.56,1.21,-1120,-4216,16664,28.34
7.46,1.89,1.08,-1020,-4252,16724,28.36
7.50,1.64,1.37,-924,-4232,16632,28.38
7.55,1.55,1.28,-1044,-4168,16608,28.40
7.57,1.77,1.18,-1148,-4272,16652,28.42
7.40,1.69,1.16,-1156,-4188,16696,28.45
7.67,1.59,1.25,-1076,-4204,16512,28.47
7.53,1.71,1.17,-1008,-4260,16752,28.49
7.51,1.66,1.11,-1036,-4192,16688,28.51
7.56,1.59,1.09,-1036,-4228,16652,28.53
7.50,1.71,1.21,-1020,-4192,16576,28.56
7.66,1.75,1.21,-1092,-4292,16800,28.58
7.54,1.66,1.11,-1144,-4220,16656,28.60
7.55,1.81,1.25,-1128,-4264,16688,28.62
7.53,1.76,1.27,-1164,-4224,16784,28.64
7.64,1.71,1.18,-1048,-4232,16752,28.67
7.60,1.59,1.21,-1044,-4280,16752,28.69
7.54,1.60,1.18,-1004,-4328,16664,28.71
7.67,1.95,1.19,-1068,-4204,16744,28.73
7.20,1.59,1.28,-1056,-4152,16604,28.75
7.64,1.91,1.08,-1048,-4216,16628,28.78
7.76,1.61,1.28,-1104,-4200,16756,28.80
7.56,1.69,1.15,-1040,-4168,16696,28.82
7.49,1.83,1.38,-1140,-4272,16580,28.84
7.17,1.76,1.03,-1056,-4364,16816,28.86
7.65,1.71,1.16,-996,-4260,16592,28.89
7.63,1.69,1.14,-1048,-4204,16592,28.91
7.47,1.78,1.29,-1156,-4104,16644,28.93
7.35,1.68,1.34,-1024,-4096,16740,28.95
7.44,1.62,1.25,-1040,-4152,16740,28.97
7.47,1.82,1.11,-1040,-4296,16516,29.00
7.54,1.71,1.11,-1048,-4288,16812,29.02
7.47,1.56,1.31,-1160,-4408,16744,29.04
7.57,1.61,1.05,-1088,-4308,16588,29.06
7.56,1.73,1.27,-1056,-4300,16820,29.08
7.60,1.63,1.08,-1112,-4172,16648,29.11
7.50,1.51,1.16,-1140,-4196,16756,29.13
7.56,1.62,1.37,-1008,-4088,16776,29.15
7.66,1.54,1.37,-976,-4140,16804,29.17
7.56,1.78,1.28,-1132,-4284,16648,29.19
7.43,1.57,1.32,-1088,-4320,16664,29.22
7.52,1.89,1.17,-1072,-4320,16660,29.24
7.56,1.75,1.31,-1084,-4240,16592,29.26
7.55,1.78,1.21,-1164,-4316,16764,29.28
7.50,1.63,1.25,-1112,-4320,16652,29.30
7.60,1.76,1.34,-1112,-4156,16568,29.33
7.53,1.64,1.23,-1016,-4156,16692,29.35
7.46,1.82,1.19,-1008,-4180,16532,29.37
7.55,1.86,1.12,-992,-4160,16716,29.39
7.46,1.82,1.22,-1060,-4248,16668,29.41
7.60,1.70,1.18,-1124,-4304,16700,29.44
7.53,1.69,1.24,-1040,-4280,16696,29.46
7.62,1.72,1.23,-1056,-4300,16916,29.48
7.53,1.76,0.98,-1088,-4300,16684,29.50
7.56,1.69,1.23,-1056,-4216,16788,29.52
7.46,1.81,1.21,-1048,-4228,16744,29.55
7.54,1.77,1.13,-980,-4148,16768,29.57
7.44,1.47,1.23,-1116,-4216,16756,29.59
7.50,1.73,1.24,-1024,-4224,16692,29.61
7.47,1.76,1.29,-1008,-4160,16712,29.63
7.50,1.74,1.22,-1088,-4248,16680,29.66
7.57,1.55,1.23,-1140,-4180,16668,29.68
7.74,1.52,1.21,-992,-4304,16720,29.70
7.64,1.87,1.14,-1016,-4248,16792,29.72
7.47,1.75,1.15,-1048,-4184,16620,29.74
7.53,1.67,1.09,-1296,-4216,16808,29.77
7.40,1.69,1.22,-1012,-4216,16652,29.79
7.52,1.76,1.18,-1108,-4156,16724,29.81
7.60,1.66,1.08,-1112,-4228,16732,29.83
7.47,1.63,1.14,-1120,-4268,16544,29.85
7.65,1.71,1.15,-1136,-4324,16812,29.88
7.54,1.51,1.27,-1184,-4240,16808,29.90
7.53,1.69,1.14,-1112,-4180,16652,29.92
7.56,1.67,1.15,-1016,-4252,16632,29.94
7.45,1.83,1.24,-956,-4136,16696,29.96
7.58,1.76,1.13,-1032,-4112,16620,29.99
7.56,1.60,1.18,-1124,-4184,16488,30.01
7.50,1.77,1.21,-1072,-4204,16564,30.03
7.58,1.67,1.14,-1128,-4228,16788,30.05
7.49,1.72,1.12,-1168,-4216,16756,30.07
7.51,1.62,1.28,-1104,-4204,16772,30.10
7.58,1.70,1.33,-1164,-4132,16660,30.12
